3.106778868430515317e-02
5.797610820417831157e-01
7.102654687729511584e-01
9.239448089386528284e-01
8.903507227266966861e-01
7.684085717490654055e-01
2.482993545826392978e-01
9.042520329228369569e-01
5.341812114497095365e-01
9.991239891673361351e-01
3.096365667809394262e-01
1.466575702222789879e-01
4.052925448369363304e-01
8.643749464485370737e-01
4.576869985129279339e-01
5.232501506681702663e-01
5.321761219496127238e-01
9.931674390367741800e-01
3.903416145091379574e-01
7.183017875135272456e-01
2.995233348027311893e-01
5.761008571382086885e-02
9.194056059363774347e-01
8.137200664068887646e-01
4.728241568812873163e-01
3.982298343202400615e-01
6.457913738697129702e-02
3.306838061547864305e-01
8.495529777906020152e-01
7.624870309498160692e-01
7.472035707401901705e-01
3.046802036423591487e-01
7.204204852759498179e-01
3.852972589299255013e-01
9.199911155409262742e-01
3.776887606433753097e-01
4.254883993820617327e-01
5.413223478606012939e-01
3.821578467891094677e-01
6.406481449194916244e-01
8.025948470297297188e-01
1.504158432550135593e-01
5.288325771240346418e-01
3.341079405349889342e-01
4.784818703301015885e-01
8.448927371072946224e-01
6.502605394879198419e-01
8.100627139960473455e-01
7.797144146599443992e-02
6.082198982218012251e-02
3.165603238404124387e-02
2.633315110745559906e-01
6.528789906898302409e-02
8.437921458542365638e-01
1.036230146574331767e-01
2.320716721379101344e-02
2.138020443732497888e-01
7.809566352615489038e-01
3.361522109201068309e-01
6.988733590935435336e-01
7.164684420892987182e-01
9.682100643297422149e-01
3.127239151897184266e-01
9.902594635516612787e-01
2.840687020697452159e-01
3.447107134297230369e-01
9.184639791732881475e-01
9.208357946340924860e-01
8.402724235315162105e-01
5.026530188665214727e-01
1.598409001822820308e-01
6.290113898999294406e-01
7.643686840384423808e-01
1.043298378642891766e-01
7.773223814488591232e-01
8.436057352137955601e-01
3.431142268158768882e-01
5.119165266833511918e-01
7.037883161746992799e-01
6.374865617712621724e-01
6.826616479015589212e-01
6.269851841248536006e-01
4.343309565969633024e-01
8.375786763308235017e-01
6.632396719837325705e-01
9.529912812868913674e-01
2.737706020777030957e-01
2.601726081139135172e-01
6.118503689408225643e-01
3.048935243869659306e-01
9.695504602465613297e-01
7.335280815417443145e-01
7.349512651487003501e-01
4.661249150642007288e-01
6.268674384735803962e-01
7.137549014308270934e-01
8.597468494397390026e-01
8.121766378770183259e-01
9.547696145574158244e-01
5.097201248850621313e-01
