7.116907978547899472e-01
2.603045222870803421e-03
9.169420414771589645e-02
4.943472541462894387e-01
1.827446324718192683e-01
6.853492076427492030e-02
8.965581959894616260e-01
4.100676927750958045e-01
1.100163047066519129e-01
3.122334416853908001e-01
9.929364987742067550e-01
2.961709502085602130e-01
6.969432039291393322e-01
2.537847283898534423e-01
4.030820779944011001e-01
6.700505903392910412e-01
8.430330230113111112e-01
3.800604805447854728e-01
6.753220778528581381e-01
8.225057890119977788e-01
1.214015156199110823e-01
4.392096753583952795e-01
8.650072549805920552e-02
4.655331092043942798e-01
1.335775901967454216e-01
3.604648182063596717e-02
1.583078847255625643e-02
6.024172676440104901e-01
7.187447448554119545e-01
7.962220748405312021e-01
2.697066311697812191e-01
2.245990954015496532e-01
5.531760827496404742e-01
7.914501330035813575e-01
3.254536946368382644e-01
9.102655120621083729e-01
5.055604435090145232e-01
1.383167442179641382e-01
4.946872159069595210e-01
1.407425271235662745e-02
7.132639748616833586e-01
8.567384741241301782e-02
8.618742326575824508e-01
7.156664045929606033e-01
6.652260004921439762e-01
6.263257260976651253e-03
1.358044090399709303e-01
7.807581704640796927e-01
7.077370127432228708e-01
3.249807220799285634e-01
4.535515392063143025e-01
2.654837207886296957e-01
5.223487655804359697e-02
7.222474460221839365e-01
4.805136607832000140e-01
8.371267322483267881e-01
3.459274697200314108e-01
3.356262775760694428e-01
2.518981740553860593e-02
2.706705173936281295e-01
8.751627541727864390e-01
6.964780231449246850e-01
6.294695884651013706e-02
1.036716972768295664e-01
4.601671456782474579e-02
7.363495744416682642e-01
4.762445515337894175e-01
1.457490391449941525e-01
6.757733778113057532e-01
1.079179695784659998e-01
5.312712574811508937e-01
6.236851782029841917e-01
8.999142970172343547e-01
3.151173887092411086e-01
4.323772367554515883e-01
1.074543045407955200e-01
5.880060405659582878e-01
2.776554502356922693e-01
8.737263850560736955e-01
3.843873786449467644e-01
2.504596066225399653e-01
1.022248585469511806e-01
2.012068254568000203e-01
8.094925129983014944e-01
5.332966854187424222e-01
4.668867833526708644e-01
4.708882945828352096e-02
8.082543521304010881e-01
1.974580493727895458e-03
8.926101276649067717e-02
6.208003222051738934e-01
3.412246693003828657e-01
9.118281452373881990e-01
1.208139807062922344e-01
6.888466325660449474e-01
9.431071962055530555e-01
1.843355983569909817e-01
8.384512010390019476e-01
8.077857513327059147e-01
5.112229471283858961e-01
